% (r/a)^2, a(V_0(r)-2*E_B), stat. error, a(V_1(r)-2*E_B), stat. error, a(V_2(r)-2*E_B), stat. error
9 -4.4764335064119e-01  2.9938015478857e-03 -2.4775208165064e-02  3.0848975510140e-03  1.0999320855735e-02  1.4263600816376e-03
16 -3.9589474430431e-01  1.7022367249175e-03 -4.2949864135316e-03  1.6718333387167e-03  2.0148498796462e-02  1.9391858614238e-03
25 -3.5127747341172e-01  2.4893857146393e-03 -5.6190873866648e-04  1.7894111658704e-03  2.4704413498199e-02  1.0275219565950e-03
36 -3.1400994697892e-01  2.1445256988682e-03  2.8686144361013e-03  1.1085825172957e-03  2.6998666169695e-02  1.6045470718682e-03
49 -2.8238808892358e-01  2.3362558352065e-03  3.7126442727294e-03  8.4803519428491e-04  2.8423910785873e-02  8.4500755827793e-04
64 -2.5619193169424e-01  1.6579887864707e-03  4.6803619639773e-03  5.4033457354046e-04  2.9631380424650e-02  9.9911675305409e-04
81 -2.3025677081957e-01  1.6847625952841e-03  4.9201474211621e-03  4.9198883632363e-04  2.9730409828536e-02  9.9423454470449e-04
100 -2.0559640017092e-01  1.8040173036972e-03  5.0387906238108e-03  7.8718698766787e-04  2.9450074415023e-02  1.0159742974217e-03
121 -1.8231300700692e-01  3.4369636620897e-03  6.2973628277210e-03  2.2745395110577e-03  3.0114185366854e-02  1.5141485490984e-03
144 -1.5847811664220e-01  3.5282874117854e-03  6.4102343849154e-03  2.5099322759471e-03  2.9342218090339e-02  1.3812087272908e-03
169 -1.3864114722493e-01  1.7889251794394e-03  5.0439525435328e-03  4.8644187549542e-04  2.7971020830445e-02  7.4690518517948e-04
196 -1.1698428481014e-01  1.5888262399544e-03  4.7273706790996e-03  2.6228143492212e-04  2.7793581559739e-02  7.4664850522346e-04
225 -9.4682156439522e-02  1.6696989823920e-03  5.8385684249758e-03  7.5194505468455e-04  2.7613605242305e-02  7.3170277542515e-04
256 -7.2199663562375e-02  2.3374018021220e-03  5.2960199696481e-03  4.3898829396160e-04  2.7217667950955e-02  7.6424831686617e-04
289 -5.0873109701348e-02  2.6000848229313e-03  6.2120627501672e-03  4.5219638306837e-04  2.7069593228908e-02  1.5886162045243e-03
297 -4.6502855419963e-02  3.0774818961371e-03  7.3462329138620e-03  5.5908466859580e-04  2.8288694322404e-02  1.0192085302752e-03
306 -4.0575455659254e-02  2.4666206980965e-03  6.5484627348242e-03  7.2283846344715e-04  2.7365929758251e-02  9.6737553453438e-04
313 -3.5193681411361e-02  1.9376623116927e-03  7.4988257545362e-03  8.4889559637796e-04  2.7677897584073e-02  9.4102823323104e-04
317 -3.3014471303200e-02  1.4588163415295e-03  7.9168126240736e-03  4.6682524134587e-04  2.7701618043086e-02  5.7222659135980e-04
321 -3.0650655768682e-02  1.5969891734678e-03  7.9951709999995e-03  6.2778204589885e-04  2.8098601573654e-02  1.0457507188584e-03
324 -3.1763818099637e-02  2.6444446058998e-03  9.0869548624923e-03  7.0367985165833e-04  2.7219510339485e-02  1.0117968422750e-03
329 -2.4959099260867e-02  1.8140111206818e-03  9.7805946194281e-03  1.0123961112270e-03  2.8406138499223e-02  1.2862264678524e-03
332 -2.4738194473131e-02  1.4891613504899e-03  9.4949123187733e-03  8.4076557674846e-04  2.8340683942257e-02  1.0327845922446e-03
338 -2.1927067628322e-02  1.8146897127582e-03  9.1945335286277e-03  1.5696442972334e-03  2.8400220185131e-02  1.0942790863710e-03
342 -2.1584179531868e-02  2.3485267052198e-03  1.0199637195758e-02  1.1995334028060e-03  2.8909785497556e-02  1.1274195329604e-03
346 -2.0214350710136e-02  1.5013327687194e-03  9.5171641828939e-03  1.7750843290981e-03  2.8437887525450e-02  9.5216232852525e-04
350 -1.7380110251146e-02  1.2300618311461e-03  1.2023633494122e-02  7.4087774548237e-04  2.9046658894091e-02  8.0937214402280e-04
356 -1.7973232768790e-02  2.3268658526683e-03  1.1454958146836e-02  1.1178803521485e-03  2.8574100934612e-02  8.0605456350243e-04
361 -1.8646245399102e-02  2.2909286879803e-03  1.3792463489181e-02  1.3699759286501e-03  2.7947305220855e-02  1.0248085750170e-03
365 -1.1748931808586e-02  3.9948494596566e-03  1.4085679824210e-02  2.3989828733542e-03  3.0033307379196e-02  8.5585386643643e-04
369 -1.4028386928777e-02  3.4796516991172e-03  1.4060292791781e-02  1.6783783366383e-03  2.9849234428039e-02  1.0382247562979e-03
374 -1.0237407030328e-02  2.5940105739139e-03  1.7927592775658e-02  2.1863081723390e-03  2.9364593713577e-02  1.5241846121077e-03
377 -1.1492246726776e-02  1.8773410028953e-03  1.4829709077638e-02  2.0874833750556e-03  3.0456441662916e-02  7.7701414494979e-04
381 -9.8490271929258e-03  1.7496537874822e-03  1.9616366693278e-02  1.4023057333879e-03  3.3027882336705e-02  1.8184000066832e-03
386 -8.2487762771836e-03  1.8315474284303e-03  1.9754867616013e-02  3.0255255949005e-03  3.6573551294095e-02  2.6347510640871e-03
392 -6.6481995543897e-03  1.9793461460611e-03  1.9206271051016e-02  1.3244485858139e-03  3.4416981214167e-02  2.0709290133269e-03
394 -7.0894794499107e-03  1.3607004935918e-03  1.9399167739128e-02  1.3874840876995e-03  3.4394663789725e-02  1.8019572585157e-03
398 -6.9517983784401e-03  1.3212740447078e-03  2.2242354014918e-02  1.1651471171937e-03  3.9107531712162e-02  3.1906868176544e-03
400 -6.2313523086844e-03  1.0960031923243e-03  2.1259722912712e-02  1.4890944099346e-03  3.3038787638730e-02  2.2763387387836e-03
404 -6.0584516349130e-03  1.5143273189832e-03  2.3220699708790e-02  7.4415150436524e-04  4.1198280031970e-02  2.7316087333015e-03
409 -3.5647993816540e-03  1.0886251598409e-03  2.2731181339638e-02  1.3045317066586e-03  4.7388708782139e-02  4.1268750595729e-03
419 -5.1099299661452e-03  1.2342521529961e-03  2.4016441606147e-02  7.3731718923967e-04  4.9635943907764e-02  3.9482864453004e-03
421 -3.0931583452074e-03  7.2854143322293e-04  2.3002114871060e-02  1.7187520551915e-03  4.3768961114694e-02  3.4456987853630e-03
425 -4.5028931759360e-03  1.9903800658220e-03  2.2641595128027e-02  1.0321630740391e-03  4.4818997423943e-02  2.7266429005937e-03
432 -2.2211147109812e-03  6.4633486639616e-04  2.2993281473694e-02  2.2272528252633e-03  5.8442279754053e-02  5.1776251768370e-03
434 -2.0801400076484e-03  8.5519495211503e-04  2.3591221197214e-02  2.1280142648332e-03  5.8151200068420e-02  3.8152122593086e-03
441 -2.7824479924005e-03  6.8464997658165e-04  2.4654151725036e-02  1.2437063719082e-03  5.2819656080707e-02  4.1224615853470e-03
446 -3.9415807337608e-03  1.0531002199891e-03  2.4273629440854e-02  1.0817594296494e-03  6.2333792095890e-02  6.3156513900833e-03
450 -1.7230098131138e-03  7.1566681053257e-04  2.3533719820338e-02  9.8036431785570e-04  5.4710785107050e-02  6.2499340086366e-03
456 -2.6033159622348e-03  5.3920820266699e-04  2.4617250791061e-02  1.1385224338786e-03  6.1233342427865e-02  5.5975759644482e-03
458 -2.7503553298184e-03  1.0976162098996e-03  2.4080242169250e-02  8.7256795164151e-04  5.7365835171192e-02  5.4258067711138e-03
467 -1.6314289274342e-03  5.7617896890158e-04  2.4773460274819e-02  7.5411205250698e-04  7.6367787667696e-02  4.8802097517326e-03
475 -4.1594134463164e-03  2.4457169567086e-03  2.4751007938956e-02  1.1115712695087e-03  7.7091806198223e-02  6.6646974354854e-03
484 -1.7556273320148e-03  3.3099843402561e-04  2.5190082504281e-02  1.1027071674978e-03  7.4949798630974e-02  4.5911271773472e-03
529 -9.6050946115188e-04  5.8931276859467e-04  2.5568401188944e-02  9.3891189386762e-04  8.5946272462570e-02  7.5474190363429e-03
576 -5.1185551333793e-04  6.1696227487744e-04  2.5695282809527e-02  9.5184203352798e-04  1.1540806030175e-01  5.9561313617054e-03
625 -1.0544569361495e-03  3.7822930543775e-04  2.5894856070540e-02  1.2219937332065e-03  1.3761667897435e-01  6.8342845928067e-03
