% (r/a)^2, a(V_0(r)-2*E_B), stat. error, a(V_1(r)-2*E_B), stat. error, a(V_2(r)-2*E_B), stat. error
16 -3.9770645318359e-01  1.4052827090939e-03 -1.5883594265148e-02  2.0564785666565e-03  1.0278987702167e-02  4.7917048789435e-04
18 -3.8700965175760e-01  1.2723656009730e-03 -1.4239123197505e-02  2.6185739713920e-03  1.1459086762327e-02  5.1431586067509e-04
21 -3.7131206835180e-01  1.3724111525918e-03 -1.3549912632012e-02  2.0063387431528e-03  1.2429055849519e-02  5.4567663551970e-04
25 -3.5441283333848e-01  1.4229344447467e-03  9.5695730663300e-05  2.7680430639392e-04  1.4110893923637e-02  5.1583253045083e-04
36 -3.1892589057218e-01  1.3929224474271e-03  2.0928668515089e-03  2.7702080188160e-04  1.6007260507382e-02  5.3924849818433e-04
49 -2.8724756810021e-01  1.4526967394875e-03  3.0638599855967e-03  2.4476764609798e-04  1.7152302129647e-02  8.0534794603077e-04
64 -2.5895006299961e-01  1.4958288808529e-03  3.3827055647589e-03  4.4157756664608e-04  1.8576103593322e-02  7.6948130303002e-04
81 -2.3241603723374e-01  1.9009470219829e-03  3.7191749278390e-03  4.9048832758012e-04  1.9333173808313e-02  7.4784246449428e-04
100 -2.0768899801591e-01  2.0681823909339e-03  4.1647283864428e-03  1.9903276291728e-04  1.9554091392337e-02  6.0813118691082e-04
121 -1.8416033115677e-01  2.2258773291280e-03  4.2358547964343e-03  2.0264747288602e-04  1.9619695781141e-02  5.2829614130934e-04
144 -1.5917860625499e-01  2.8601653121163e-03  4.2529862775977e-03  1.9000820320288e-04  1.9284741226558e-02  5.0638944726018e-04
169 -1.3669762991173e-01  2.9734025993683e-03  4.1496968043506e-03  1.9631564951395e-04  1.8896912807759e-02  4.6801313613802e-04
196 -1.1192696262938e-01  3.4100960685929e-03  4.1345262726015e-03  2.1085922865610e-04  1.8683548440701e-02  4.5715763412127e-04
225 -9.3997228451240e-02  3.3508276750982e-03  4.2084586935756e-03  2.0801708619253e-04  1.8500317443653e-02  4.6553693923891e-04
256 -7.5592583065427e-02  1.5561701140806e-03  4.8946858926906e-03  2.9808294797860e-04  1.7510215474060e-02  3.8026632163048e-04
289 -5.4650341950895e-02  1.8247906004984e-03  5.5365344422450e-03  3.5911586517161e-04  1.8034375033188e-02  6.6208796356445e-04
297 -5.2137613656341e-02  3.4943257644911e-03  5.1016761304119e-03  2.5671175143819e-04  1.9032937342760e-02  6.7734836719620e-04
306 -4.3434852818797e-02  2.9759414417645e-03  5.5069977365415e-03  3.3465138752635e-04  1.9313605756940e-02  8.0036247817529e-04
317 -3.7735373112563e-02  3.9602626376965e-03  5.8068216893578e-03  5.1900316842718e-04  1.9085962871546e-02  7.7315567529070e-04
324 -3.4537176200216e-02  1.7559054477024e-03  6.4928026227382e-03  2.7663858544740e-04  1.8437232294104e-02  8.7306175465031e-04
324 -3.4586202732104e-02  3.5605993154674e-03  6.4928025813210e-03  2.7662770896748e-04  1.8437232172451e-02  8.5285947825976e-04
332 -3.3516489407776e-02  2.7423358782177e-03  6.5414731883433e-03  4.1582123013415e-04  1.9366391399976e-02  8.0329803439368e-04
338 -2.7129570245038e-02  3.4358151017259e-03  7.0451075911573e-03  3.4129441595598e-04  1.9640693076931e-02  7.3461857769316e-04
342 -2.7263787677190e-02  2.2875537107805e-03  7.3126866158214e-03  3.7329000357766e-04  1.9259076379219e-02  8.1829742848660e-04
346 -2.2926142147856e-02  2.7032517248525e-03  7.9714720346665e-03  3.8533676914320e-04  1.9629850296241e-02  9.9980120872967e-04
350 -2.3811318112169e-02  2.3647797983348e-03  7.8009010165176e-03  5.8635196606901e-04  1.9961874252738e-02  9.2349509459735e-04
356 -1.8424784016803e-02  2.0962505262675e-03  8.9471419118502e-03  6.9667252825079e-04  2.0767920200700e-02  9.3639576082828e-04
361 -1.8612446187944e-02  3.1184882508971e-03  9.3315080022413e-03  3.7084137366889e-04  2.1211269587394e-02  9.6538462678198e-04
365 -1.5036134230354e-02  2.4624845414027e-03  9.6170725765146e-03  3.9110398178977e-04  2.1658840852274e-02  1.4872978136640e-03
369 -1.3293560848445e-02  1.8424623376275e-03  1.0164191249862e-02  3.9954650219200e-04  2.2312120024596e-02  1.8424411011375e-03
374 -1.5253736674485e-02  2.0894374722697e-03  1.0741982073032e-02  1.4674094914497e-03  2.0924141873400e-02  1.3707534354804e-03
377 -1.1080137019662e-02  1.5568101330694e-03  1.0946645320478e-02  4.1235932144550e-04  2.3459562419736e-02  2.0198398174952e-03
381 -1.4212554431011e-02  3.3889012459543e-03  1.0556262773511e-02  5.0112900892078e-04  1.8596385896644e-02  2.4345518421082e-03
386 -1.7432518044466e-02  4.6013014757885e-03  1.1790561429811e-02  4.9949033786785e-04  2.0256561224072e-02  2.3679573604787e-03
392 -6.3676927151508e-03  1.2379979816298e-03  1.2021758802256e-02  3.5471026938836e-04  2.5993988101252e-02  3.5302892061413e-03
394 -6.7049352943065e-03  1.2633509458602e-03  1.2352462597368e-02  7.2173069890948e-04  2.6274089092130e-02  3.6047415709971e-03
398 -1.0726912608023e-02  2.7924375611283e-03  1.1877258308718e-02  4.3039223131436e-04  2.1463439678024e-02  2.7305160657608e-03
400 -6.8724728556520e-03  1.1286600812693e-03  1.2532313164791e-02  4.1475668076230e-04  3.1204723575470e-02  1.8332371248300e-03
404 -8.1194922993169e-03  2.4142183722530e-03  1.1963710176363e-02  1.3141080267388e-03  2.4732811739665e-02  3.6116609749435e-03
409 -1.2242656232046e-02  3.8589294597845e-03  1.2999834217001e-02  4.2013793221177e-04  2.2996550866332e-02  5.3337693386183e-03
413 -1.0949515106281e-02  3.1194763072199e-03  1.2815373003220e-02  3.7753465351613e-04  2.3521728347337e-02  4.9673998070716e-03
419 -9.5817775943418e-03  2.7950188829972e-03  1.2813371972266e-02  3.4500265862210e-04  2.8583225640158e-02  4.7468929897803e-03
421 -3.7790260699284e-03  7.4484263988837e-04  1.4015460961890e-02  5.9553065441534e-04  3.6248308486986e-02  5.5128705912444e-03
425 -3.1233587035616e-03  4.4054563390936e-04  1.4524013840646e-02  6.1941034452056e-04  3.9596409841501e-02  4.5225675649324e-03
432 -1.1804480044664e-02  4.9636359274605e-03  1.3603222743588e-02  4.5761231961913e-04  2.5587411363724e-02  7.0077318669562e-03
434 -8.6761294298858e-03  2.3042134047340e-03  1.3539163735072e-02  4.1487912850986e-04  3.0161351905274e-02  9.6007607624316e-03
441 -2.9888225521962e-03  7.5383712026454e-04  1.4082298911604e-02  6.0095705785886e-04  4.2417230743895e-02  6.3056580567515e-03
446 -6.5251983894745e-03  1.8220575060855e-03  1.4123157537564e-02  5.2943278001449e-04  3.2615091696196e-02  7.2325545032111e-03
450 -1.8948894064454e-03  3.0208235677439e-04  1.4944556708552e-02  5.1196592001451e-04  4.8658935149925e-02  6.8324249334173e-03
456 -3.9282195103892e-03  7.1275275227196e-04  1.4717927946562e-02  4.6765465264125e-04  4.2056685673420e-02  8.2764950554486e-03
458 -1.8478084221314e-03  2.2663004170704e-04  1.6412268301584e-02  8.0319623853476e-04  5.7274279534474e-02  5.8393815442977e-03
467 -3.4806838350143e-03  6.3864212392637e-04  1.4413313742697e-02  5.4405331268674e-04  3.9673171341900e-02  8.2487701941996e-03
475 -2.9757671316499e-03  4.8350270630583e-04  1.4976526665061e-02  4.2787474212553e-04  4.5745577681701e-02  8.6480665179928e-03
484 -1.5353045111685e-03  5.7589657840480e-04  1.5079983748768e-02  5.6749800092278e-04  5.8678131223705e-02  8.6625685667332e-03
529 -7.1946950461500e-04  3.3330507618918e-04  1.5479506849459e-02  5.4618861634814e-04  8.3270710258268e-02  9.3251312098078e-03
576 -5.6949090770805e-04  3.3290339992071e-04  1.5700597164885e-02  4.9740808125364e-04  9.9014409897782e-02  1.2750522939203e-02
625 -1.4980382792873e-04  1.7077567518404e-04  1.5688156305624e-02  4.9818791921152e-04  1.0746354654079e-01  1.2096720530553e-02
676 -4.4043516596686e-04  3.0782286783485e-04  1.5729533227633e-02  4.9705775926038e-04  1.2923344616385e-01  1.8525791400262e-02
729 -5.9926163132366e-04  2.1335425053797e-04  1.5854237034764e-02  4.8276488548572e-04  1.4756891407982e-01  2.7886352657006e-02
